0.0000000000000000 3.0000000000000000 0.0000000000000000 3.0000000000000000
0.1890016017992379 3.0000000000000000 0.1587883449264462 2.8752924757637728
0.5687318215505930 3.0000000000000000 0.5142201478938574 2.6973888714733114
0.9617680338638313 3.0000000000000000 0.9020835534828605 2.5732533937537179
1.3756933847074508 3.0000000000000000 1.3202902783983477 2.4883434299200036
1.8055078956804760 3.0000000000000000 1.7587574594230260 2.4325768912496515
2.2460861650791797 3.0000000000000000 2.2098741160653903 2.3976268668107346
2.6933903605788978 3.0000000000000000 2.6684846126548987 2.3774271991944276
3.1447184052263770 3.0000000000000000 3.1314171512728191 2.3680362500705985
3.5983251045021838 3.0000000000000000 3.5967363759184043 2.3673680376605670
4.0530392573710481 3.0000000000000000 4.0631759580513407 2.3750138031044536
4.5079723371710418 3.0000000000000000 4.5297289857504097 2.3922767204687396
4.9623350363757819 3.0000000000000000 4.9953197106672196 2.4224874535773004
5.4154570014469510 3.0000000000000000 5.4585282874131202 2.4716747975536220
5.8673274663833466 3.0000000000000000 5.9174370552794899 2.5497338664379412
6.3183413900751670 3.0000000000000000 6.3677378825576927 2.6718299647091404
6.7718321884240087 3.0000000000000000 6.8018408557460193 2.8601967865642255
7.0000000000000000 3.0000000000000000 7.0000000000000000 3.0000000000000000
0.0000000000000000 0.0000000000000000 0.0000000000000000 0.0000000000000000
0.0000000000000000 2.0000000000000000 0.0000000000000000 2.0000000000000000
7.0000000000000000 0.0000000000000000 7.0000000000000000 0.0000000000000000
7.0000000000000000 2.0000000000000000 7.0000000000000000 2.0000000000000000
-0.0000000000010944 0.3958705912094952 -0.0000000000010944 0.3958705912094952
0.0000000000160082 0.8028316538493140 0.0000000000160082 0.8028316538493140
-0.0000000000008842 1.2066457868167419 -0.0000000000008842 1.2066457868167419
-0.0000000000031453 1.6053151551485569 -0.0000000000031453 1.6053151551485569
0.3780032035984759 2.0000000007270344 0.3619249970208772 1.9746464568407591
0.3934495150400439 -0.0000000000027793 0.3830233429333765 0.0245834603578536
0.5113644692001748 0.3972158279014971 0.5057278631558420 0.4152518045745084
0.3609662219385614 0.7970217248962153 0.3453266626139886 0.7992427799876761
0.5194585179717592 1.1894013748109220 0.5132905224874523 1.1776539315071748
0.4067003504359766 1.5783668710394079 0.3970913664633798 1.5581729071205257
0.7594604395027101 2.0000000006780869 0.7359523347971064 1.9415715532799809
0.8265259580444383 -0.0000000000029978 0.8121461041202425 0.0512241354201373
1.0052548141103292 0.3980405668510989 0.9925761538160095 0.4309441162636083
0.8003481850018315 0.7926048938703834 0.7796120941425480 0.7974931294766282
1.0150546112021290 1.1868621205767671 1.0014986963420467 1.1655198386504313
0.8475736547622332 1.5819055372335287 0.8323416662633085 1.5402195421297595
1.1640756282249525 2.0000000007170833 1.1381141887576758 1.9163769378867963
1.2780203747002892 -0.0000000000031637 1.2629752483272474 0.0722840386602158
1.4855034951971331 0.3981121047387288 1.4708932749291848 0.4417376772879248
1.2628051703672860 0.7927671297071291 1.2421161910816758 0.7998348000319958
1.4953886670275776 1.1884781193157408 1.4790529978170719 1.1613803412300754
1.3015195012815117 1.5851038835699545 1.2830982138509226 1.5279278633293800
1.5873111411899494 2.0000000007543020 1.5620562592780807 1.8988529317821445
1.7368576921183723 0.0000000000130168 1.7236232438396839 0.0867820148242123
1.9579389356488146 0.3981995362599933 1.9450555324520573 0.4491570523514649
1.7299953946560649 0.7937556747427080 1.7119842146227480 0.8030834573911573
1.9668639284400165 1.1912141539318630 1.9515187478218723 1.1612566897342687
1.7591907146483974 1.5892184617849037 1.7406500134902605 1.5220471186761695
2.0237046501710023 2.0000000007868048 2.0013099481504892 1.8879072446888250
2.1981603810198846 0.0000000000132013 2.1885251127480836 0.0963285286563021
2.4256547575446938 0.3986043164599968 2.4166110361133066 0.4546092628040139
2.1966162261158004 0.7951949866101605 2.1827742325349693 0.8066761940002528
2.4334066817269022 1.1936644492443504 2.4213919726407029 1.1629029890097928
2.2176995426557480 1.5925423144265276 2.2015690266865731 1.5199313355859589
2.4684676799873575 2.0000000008104477 2.4504544989374737 1.8819706315001181
2.6596141344374522 0.0000000000132799 2.6547380190250403 0.1025746010483490
2.8903445127727836 0.3991500508716539 2.8862354046968033 0.4587617943394622
2.6616305230016399 0.7965816287852133 2.6527959027885881 0.8101820159122087
2.8971352646920874 1.1955350451477733 2.8897976922702444 1.1653230625887934
2.6762455140915482 1.5949112756936348 2.6642837229135874 1.5200632426701630
2.9183130411704381 2.0000000008263483 2.9056801874629672 1.8795957004634596
3.1201544999937947 0.0000000000132986 3.1206742071200404 0.1065806621607110
3.3530441558984374 0.3997782880631540 3.3543151993473996 0.4619514373772815
3.1251927554881016 0.7977486949299613 3.1217819737873849 0.8134229684534682
3.3593031335383707 1.1967833371108794 3.3573446379407792 1.1680000887500916
3.1346557814777194 1.5964602324073898 3.1279673615422725 1.5215368369325541
3.3711237692823155 2.0000000008362084 3.3644092732696880 1.8797743748043041
3.5792227872698383 0.0000000000132730 3.5853669261260603 0.1088260845228966
3.8145305252638404 0.4004879487730588 3.8211517436333926 0.4642524636992171
3.5878879740238774 0.7986471496076791 3.5899713092386434 0.8162699248436215
3.8207891119760555 1.1973502456753238 3.8244566966615072 1.1706030273061856
3.5928607642654651 1.5973138828722493 3.5920682246392861 1.5238444192213101
3.8255264397220521 2.0000000008411911 3.8248337094308944 1.8819875009904150
4.0363658767255091 0.0000000000132018 4.0480242942776314 0.1093372306396605
4.2755599947376934 0.4013058615225940 4.2870586587795403 0.4655196747958733
4.0505699656914418 0.7991967167761920 4.0578581150728059 0.8185252933550720
4.2823399905439139 1.1969906896465112 4.2914934177918944 1.1728031127043630
4.0506748917368771 1.5974790182814376 4.0560562515589327 1.5267371444423350
4.2805520750200445 2.0000000008417418 4.2855125336121009 1.8862043249786002
4.4909276733682537 0.0000000000130711 4.5076592578319357 0.1077366498070883
4.7370575025284678 0.4022731162438643 4.7524422354475639 0.4653620515249289
4.5144742012209838 0.7991705537214085 4.5262265655757679 0.8198169139577476
4.7446925122918655 1.1950941477709276 4.7587636976122196 1.1741097615092295
4.5075535970472282 1.5967750776619254 4.5191368441943292 1.5301528332563128
4.7353925993220392 2.0000000008377676 4.7450451084249945 1.8929386804246719
4.9416785163632335 -0.0000000000032116 4.9626553697692248 0.1031887035686944
5.2002558408996880 0.4035555691865444 5.2178452011220502 0.4631253543678754
4.9815795531087321 0.7980898200150440 4.9964108110686718 0.8194637850144005
5.2085806833120429 1.1904866036066852 5.2263960338862647 1.1736942031574324
4.9621270517960863 1.5947676721319692 4.9797319716975341 1.5342050194624193
5.1892774734295255 2.0000000008297194 5.2018835630849338 1.9033588512624848
5.3861566701917054 -0.0000000000031192 5.4100535254701816 0.0943156958067063
5.6664274362536178 0.4053382894515805 5.6836463837797249 0.4577088178727686
5.4554149282393993 0.7952756008308649 5.4709534336129888 0.8163920181602218
5.6743580679142580 1.1818910466647872 5.6937832146332745 1.1706067998283003
5.4112859284942498 1.5908691944751263 5.4344419056911830 1.5392683325772138
5.6416365294643755 2.0000000008232832 5.6545413442532064 1.9192777044443674
5.8196560796057080 -0.0000000000029671 5.8444716608704654 0.0792912468913551
6.1350116630692337 0.4089684204637253 6.1484567334929512 0.4485582199196301
5.9422350887859494 0.7898817290720292 5.9547594759990430 0.8090221687378982
6.1394921342444997 1.1680132638167766 6.1571836664917674 1.1635624354547127
5.8488367757230559 1.5854526177671173 5.8763098021729450 1.5464835480522079
6.0930184033023176 2.0000000008151213 6.1027828104638644 1.9428955245828263
6.2336024021748182 -0.0000000000027557 6.2564032475877740 0.0565630504331126
6.5923161198032032 0.4173185169322926 6.6000909231936049 0.4372650823756108
6.4538341321148502 0.7880278038879706 6.4585154733668348 0.8000998904397386
6.5957633285077835 1.1594999130820240 6.6066315962148670 1.1591054621534564
6.2634438633474261 1.5763028161191068 6.2920635229689177 1.5539784917614785
6.5436643768480174 2.0000000008885372 6.5477068698329788 1.9732372161119920
6.6189265116089251 -0.0000000000029087 6.6348781737934273 0.0251507722702640
7.0000000007959837 0.3939378761150403 7.0000000007959837 0.3939378761150403
7.0000000000781695 0.7917011672120028 7.0000000000781695 0.7917011672120028
7.0000000008606644 1.1941333214570622 7.0000000008606644 1.1941333214570622
6.6431563985549333 1.5901924070519278 6.6647758170623286 1.5810131723782004
7.0000000010458336 1.5997168316848600 7.0000000010458336 1.5997168316848600
0.0000000000000000 -1.0000000000000000 0.0000000000000000 -1.0000000000000000
0.1967247575200219 -1.0000000000000000 0.1680368346868825 -0.8747392836341704
0.6099877365422410 -1.0000000000000000 0.5600071040921427 -0.6937361114703477
1.0522731663723637 -1.0000000000000000 1.0000966732630745 -0.5678319353158819
1.5074390334093306 -1.0000000000000000 1.4618654021448165 -0.4859557016292000
1.9675090365691283 -1.0000000000000000 1.9320234753424828 -0.4345135282104451
2.4288872577286682 -1.0000000000000000 2.4047277589014215 -0.4031761341883460
2.8898843172156234 -1.0000000000000000 2.8774238473947884 -0.3853002032964120
3.3496886436318167 -1.0000000000000000 3.3489921320624711 -0.3771245757058139
3.8077943319976737 -1.0000000000000000 3.8188213328844296 -0.3770679482218217
4.2636467750468814 -1.0000000000000000 4.2862919778360009 -0.3853606838737161
4.7163030948657436 -1.0000000000000000 4.7503173948980324 -0.4040161408696102
5.1639175932774695 -1.0000000000000000 5.2086437980914759 -0.4370868199896402
5.6029063748987067 -1.0000000000000000 5.6566250713283335 -0.4910404389529922
6.0266292408902631 -1.0000000000000000 6.0851141845278658 -0.5747001777449865
6.4262644568918716 -1.0000000000000000 6.4801141222841157 -0.6979233063314682
6.8094632558044630 -1.0000000000000000 6.8395588838899846 -0.8750937297419866
7.0000000000000000 -1.0000000000000000 7.0000000000000000 -1.0000000000000000
